2000000
Straight Flush
0,254,1.0,1.0
Four of a Kind
0,3828,1.0,1.0
1,3828,1.0000000933,0.547283176593
Full House
0,23351,1.0,1.0
Flush
0,31660,1.0,1.0
Straight
0,63480,1.0,1.0
Three of a Kind - Low
0,183711,1.0,1.0
1,183711,1.00212952663,0.718166032518
2,183711,1.00235146055,0.558355242745
Three of a Kind - High
0,154936,1.0,1.0
1,154936,1.00121478736,0.718154592864
2,154936,1.00125436636,0.556533020086
Two Pair - Low
0,97130,1.0,1.0
1,97130,1.00666382655,0.572727272727
Two Pair - Med
0,255479,1.0,1.0
1,255479,1.00550596681,0.572704605858
Two Pair - High
0,412873,1.0,1.0
1,412873,1.00363875895,0.574535026509
One Pair - Low
0,2391598,1.0,1.0
1,2391598,1.11415014311,0.802911693353
2,2391598,1.1751220274,0.754142209518
3,2391598,1.18659107662,0.630310361524
One Pair - Med
0,1881606,1.0,1.0
1,1881606,1.05772225497,0.824977173755
2,1881606,1.08888522312,0.769810470417
3,1881606,1.09294111657,0.634834816641
One Pair - High
0,1938842,1.0,1.0
1,1938842,1.0251319396,0.824744357715
2,1938842,1.0386425383,0.776365480013
3,1938842,1.0389359845,0.648256536634
High Card - Low
0,0,1.0,1.0
1,0,1.0,1.0
2,0,1.0,1.0
3,0,1.0,1.0
High Card - Med
0,357214,1.0,1.0
1,357214,12.9272322007,0.970124351229
2,357214,21.6850637091,0.983371312435
3,357214,25.7521254744,0.979656452435
High Card - High
0,5613464,1.0,1.0
1,5613464,1.87716960856,0.899501092374
2,5613464,2.48515046202,0.910421087585
3,5613464,2.78791418078,0.883079146851
One Pair + Potential Flush - Low
0,81249,1.0,1.0
1,81249,1.11272068028,0.617792218981
2,81249,1.1142578903,0.805954534825
3,81249,1.17691110457,0.762901697252
4,81249,1.18886102964,0.644980245911
One Pair + Potential Flush - Med
0,66263,1.0,1.0
1,66263,0.806425642147,0.326169959103
2,66263,1.0569049148,0.807117094004
3,66263,1.08831213214,0.764755595129
4,66263,1.09300235369,0.645292244541
One Pair + Potential Flush - High
0,65661,1.0,1.0
1,65661,0.550613158754,0.160369168913
2,65661,1.02477215833,0.80793774082
3,65661,1.03803199724,0.76206576202
4,65661,1.03881911683,0.637318956458
High Card + Potential Flush - Low
0,0,1.0,1.0
1,0,1.0,1.0
2,0,1.0,1.0
3,0,1.0,1.0
4,0,1.0,1.0
High Card + Potential Flush - Med
0,44133,1.0,1.0
1,44133,4931.64615895,0.862393220492
2,44133,7098.63191151,0.94924432964
3,44133,9098.37411924,0.965128135409
4,44133,9651.28673241,0.976910701742
High Card + Potential Flush - High
0,429945,1.0,1.0
1,429945,1.73248522778,0.49429345614
2,429945,2.09931379296,0.88659247113
3,429945,2.58761947875,0.891409366315
4,429945,2.85439113107,0.873534987033
One Pair + Potential Straight (type 1) - Low
0,120338,1.0,1.0
1,120338,1.11531182264,0.871885854842
2,120338,1.11598823541,0.903646395985
3,120338,1.180227207,0.949434093969
4,120338,1.1990246783,0.837781914275
One Pair + Potential Straight (type 1) - Med
0,110928,1.0,1.0
1,110928,1.05786588128,0.573606303188
2,110928,1.05895360367,0.60841266407
3,110928,1.09026070247,0.711380354825
4,110928,1.10038454709,0.758158445117
One Pair + Potential Straight (type 1) - High
0,74380,1.0,1.0
1,74380,0.807168999548,0.285735412745
2,74380,1.02303526714,0.454745899435
3,74380,1.03497646464,0.519830599624
4,74380,1.03343586563,0.540010755579
High Card + Potential Straight (type 1) - Low
0,0,1.0,1.0
1,0,1.0,1.0
2,0,1.0,1.0
3,0,1.0,1.0
4,0,1.0,1.0
High Card + Potential Straight (type 1) - Med
0,196241,1.0,1.0
1,196241,28.9279131671,0.855453243716
2,196241,27.1847563611,0.954020821337
3,196241,42.174535545,0.964298999699
4,196241,50.333867257,0.977609164242
High Card + Potential Straight (type 1)- High
0,966042,1.0,1.0
1,966042,1.69366684055,0.438635173212
2,966042,2.15853370897,0.839942776815
3,966042,2.71159305225,0.821692017531
4,966042,3.04769060831,0.850622436706
One Pair + Potential Straight (type 2)- Low
0,23167,1.0,1.0
1,23167,1.10491052972,0.824578063625
2,23167,1.10508582551,0.824578063625
3,23167,1.16218626355,0.930547761903
4,23167,1.18366590433,0.968403332326
One Pair + Potential Straight (type 2) - Med
0,37144,1.0,1.0
1,37144,1.06015373625,0.573309282791
2,37144,1.06022775228,0.573309282791
3,37144,1.09087654204,0.716993323282
4,37144,1.10028511976,0.803736808098
One Pair + Potential Straight (type 2) - High
0,13880,1.0,1.0
1,13880,0.822164492469,0.321109510086
2,13880,1.0283763695,0.375576368876
3,13880,1.0427580619,0.492939481268
4,13880,1.04387880851,0.583573487032
High Card + Potential Straight (type 2) - Low
0,0,1.0,1.0
1,0,1.0,1.0
2,0,1.0,1.0
3,0,1.0,1.0
4,0,1.0,1.0
High Card + Potential Straight (type 2) - Med
0,166842,1.0,1.0
1,166842,29428.1050602,0.869235564187
2,166842,27643.4257538,0.895865549442
3,166842,35190.0387592,0.936299013438
4,166842,41579.4900231,0.967280420997
High Card + Potential Straight (type 2) - High
0,310549,1.0,1.0
1,310549,2.38347996645,0.546319582417
2,310549,2.67303614863,0.692473651501
3,310549,3.12186833395,0.736685676012
4,310549,3.4712189337,0.803116416411
